1.0	-9.9597429399523902958171899372116786853543182474799245700063539e-01	9.8392958859862965539563609398996989652001742863307433166744034e-01	-9.6396286069585329188856595254998577609065299709754113925098033e-01	9.3623487063973720950875572446811746977748237742297644505735295e-01	-9.0096886790241912623610231950744505116591916213185715005356722e-01	8.5844879360186611852569095533914185970759061064447697919625218e-01	-8.0901699437494742410229341718281905886015458990288143106772729e-01	7.5307146600361093353289811269675434530109126297207697837540392e-01	-6.9106264898686467590493542565916998174665948563912994747703301e-01	6.234898018587335305250048840042398106322747308964021053655664e-01	-5.5089698145210252268710431912041058718524681687279637055957541e-01	4.7386866247299867070838300966597508727045066984832884614726936e-01	-3.9302503165392361818796750981793357700689448010401654525902714e-01	3.0901699437494742410229341718281905886015458990288143106773414e-01	-2.2252093395631440428890256449679475946635556876454495531197008e-01	1.3423326581765547603701864151067004912211054928958391971589677e-01	-4.4864830350514925458090336801960917133857294349041040612367544e-02	-4.4864830350514925458090336801960917133857294349041040612341563e-02	1.3423326581765547603701864151067004912211054928958391971587094e-01	-2.2252093395631440428890256449679475946635556876454495531194488e-01	3.090169943749474241022934171828190588601545899028814310677472e-01	-3.9302503165392361818796750981793357700689448010401654525900318e-01	4.7386866247299867070838300966597508727045066984832884614724664e-01	-5.5089698145210252268710431912041058718524681687279637055952064e-01	6.234898018587335305250048840042398106322747308964021053655303e-01	-6.9106264898686467590493542565916998174665948563912994747702866e-01	7.5307146600361093353289811269675434530109126297207697837542633e-01	-8.0901699437494742410229341718281905886015458990288143106771236e-01	8.5844879360186611852569095533914185970759061064447697919620799e-01	-9.0096886790241912623610231950744505116591916213185715005357718e-01	9.3623487063973720950875572446811746977748237742297644505734735e-01	-9.6396286069585329188856595254998577609065299709754113925098157e-01	9.8392958859862965539563609398996989652001742863307433166744718e-01	-9.9597429399523902958171899372116786853543182474799245700063415e-01
1.0	-9.9512958258591127353431503129236807063028201290367991436303813e-01	9.8056577227522001157174635989437049090700601529192872494501032e-01	-9.5645043273863156544840579423611663998817203526369091396911625e-01	9.230184675153972606182857206511573559721315558604280148938512e-01	-8.8059553185673799519291006210718465984659840116241567602913115e-01	8.2959486057183116853900916138727262588520123795017115173870227e-01	-7.7051324277578923080300963639617784727166767211952072510650081e-01	7.0392618274894493609882690467935228398816278676023546961482315e-01	-6.3048229404471371201624163485083160590553379588669607935662374e-01	5.5089698145210252268710431912041058718524681687279637055956296e-01	-4.6594547235582486480690827185767387329767229772380436993276002e-01	3.7645526537439199348500460974454476126846376437266414058575505e-01	-2.8329806983274945908326753207365351988009649143704752242936233e-01	1.8738131458572463054255073444729146933862615176764186625943999e-01	-8.9639308903433499765470436845233008011125767525214568565165131e-02	-8.9758584809979532930381746245906187767754436966720087307828505e-03	1.0750359351052490951951422775259440214590607739119692070320272e-01	-2.0498415379223031309497980311920658207085584934622672220071332e-01	3.0046799728945187632187763740552891264845871689258677090068107e-01	-3.9302503165392361818796750981793357700689448010401654525903056e-01	4.8175367410171527498719150287212965352854201015207884940942973e-01	-5.6578963358221449341961307680457822345786228726836442923830918e-01	6.4431432969449431748414862011424603816573482128672752390196381e-01	-7.165628663437922012345585348782318100730266706178108952353806e-01	7.8183148246802980870844452667405775023233451870868752898060557e-01	-8.3948440725807722173671986860560423701139477863917937958514805e-01	8.8896005309619325121028139082636078676882514212341014642464316e-01	-9.2977648588825140366094255622199072958715528248738001545929213e-01	9.6153611950414883475986361620265904526574137158386440793549149e-01	-9.8392958859862965539563609398996989652001742863307433166743038e-01	9.9673876208801463138129867820998808298591103874665284970406862e-01	-9.9983886792905819422908616567977841843802885172481316799743464e-01	9.9319970850281287044727657093318465293586279878289482897053578e-01	-9.7688595476464765312133790112808676886032855340709958285050064e-01
1.0	-9.942046959164515164157344723781173419868820869934139160123553e-01	9.7688595476464765312133790112808676886032855340709958285049379e-01	-9.4824451128722634631078448336099487877667059699334520034272841e-01	9.0861233723287444154256908004741466087119437985209127890047278e-01	-8.5844879360186611852569095533914185970759061064447697919624969e-01	7.9833530637270146738014389383422229958663257583499594681855527e-01	-7.2896862742141152314673031905525911137257166408684890531016055e-01	6.51152758743573500338715318270812870757419709664029057591979e-01	-5.657896335822144934196130768045782234578622872683644292382818e-01	4.7386866247299867070838300966597508727045066984832884614726096e-01	-3.7645526537439199348500460974454476126846376437266414058576003e-01	2.7467852280239023230811754280732641715151834723429354702432411e-01	-1.697180891006689563789065407437078028336018816223001583746782e-01	6.2790519529313376076178224565631133122484831906666272763059504e-02	4.4864830350514925458090336801960917133857294349041040612366105e-02	-1.5200016956126712880912324451251069414720919807566788639685687e-01	2.573737343653023855440538909980333867974868281064749109973876e-01	-3.5976418106180692308539737639523413949599587183931634829521981e-01	4.5798474210306752925827365681798172638465132635228478313524004e-01	-5.5089698145210252268710431912041058718524681687279637055953682e-01	6.3742398974868971017671281167601619543491729778214606068004061e-01	-7.1656286634379220123455853487823181007302667061781089523537313e-01	7.8739634352801192190280022193165465936354054855122063104227227e-01	-8.4910341822219357840181832915069772104542682030021424571743778e-01	9.009688679024191262361023195074450511659191621318571500535666e-01	-9.423915404640347863867220104246727159146667690990596142978671e-01	9.7289132194014491293314924395918060488272637405897232195085766e-01	-9.9211470131447783104979304278577852145303670896879573587101675e-01	9.9983886792905819422908616567977841843802885172481316799743402e-01	-9.9597429399523902958171899372116786853543182474799245700063415e-01	9.8056577227522001157174635989437049090700601529192872494501032e-01	-9.5379189690669208363743241260580631960959216494250962838510571e-01	9.1596299338816654190194528804887126833545055764292868683912672e-01	-8.6751752171771753170678524853807545594062227429048382132328705e-01
1.0	-9.9319970850281287044727657093318465293586279878289482897053578e-01	9.7289132194014491293314924395918060488272637405897232195086264e-01	-9.3935104620892352799444138681988903256603219272196684262522155e-01	8.9303504861288538886759112521055150016875539704058580708630311e-01	-8.3457325372130265093321067687373490458477925152957002707513875e-01	7.6476077602759837030965327667910177307387908258199412457443754e-01	-6.84547105928688673732283357621209269889519232704725301166155e-01	5.9502319610203713941472862436187225934423640897345498638305356e-01	-4.9740662391322201884100024699756291145816030096660536094750896e-01	3.9302503165392361818796750981793357700689448010401654525902278e-01	-2.8329806983274945908326753207365351988009649143704752242937229e-01	1.6971808910066895637890654074370780283360188162230015837468318e-01	-5.3829843412128200172189898768353298947409814542107079867160555e-02	-6.2790519529313376076178224565631133122484831906666272763037724e-02	1.7855689479863664801371836759031375986622667390117238489716424e-01	-2.9189479220103330875817926219817969929584210317421745312740735e-01	4.0126275025647418777050235740591911098082105641856975885174582e-01	-5.0517330097450101856827386140304095170517971237911922634735183e-01	6.0221320028608214147755166851536540768467809724654213505402214e-01	-6.910626489868646759049354256591699817466594856391299474770355e-01	7.7051324277578923080300963639617784727166767211952072510651201e-01	-8.3948440725807722173671986860560423701139477863917937958513685e-01	8.9703809438696865275604190750426384602555962880134727270676633e-01	-9.4239154046403478638672201042467271591466676909905961429786399e-01	9.7492791218182360701813168299393121723278580061999743764807658e-01	-9.9420469591645151641573447237811734198688208699341391601235405e-01	9.9995971617087110391422315490908433837763732356857399892537724e-01	-9.9211470131447783104979304278577852145303670896879573587102173e-01	9.7077634812291817358978247691717293290373667327157002361449276e-01	-9.362348706397372095087557244681174697774823774229764450573542e-01	8.8896005309619325121028139082636078676882514212341014642465872e-01	-8.2959486057183116853900916138727262588520123795017115173869791e-01	7.5894669429455555433106521158979726535581991495156287307082568e-01	-6.7797641051322084831320940275819432302470828513188535245770163e-01
1.0	-9.9211470131447783104979304278577852145303670896879573587102111e-01	9.6858316112863111949016837546473581383601240275388775061508443e-01	-9.2977648588825140366094255622199072958715528248738001545928715e-01	8.763066800438635873081159039220625833990642384821470866973595e-01	-8.0901699437494742410229341718281905886015458990288143106772729e-01	7.2896862742141152314673031905525911137257166408684890531015059e-01	-6.3742398974868971017671281167601619543491729778214606068004186e-01	5.3582679497899661827130876786763997806357534560897205276120343e-01	-4.2577929156507264886250244574425170397997304183255838987704137e-01	3.0901699437494742410229341718281905886015458990288143106773476e-01	-1.8738131458572463054255073444729146933862615176764186625945493e-01	6.2790519529313376076178224565631133122484831906666272763029945e-02	6.2790519529313376076178224565631133122484831906666272763032667e-02	-1.8738131458572463054255073444729146933862615176764186625945773e-01	3.0901699437494742410229341718281905886015458990288143106775623e-01	-4.257792915650726488625024457442517039799730418325583898770619e-01	5.3582679497899661827130876786763997806357534560897205276120592e-01	-6.3742398974868971017671281167601619543491729778214606068005928e-01	7.2896862742141152314673031905525911137257166408684890531017922e-01	-8.0901699437494742410229341718281905886015458990288143106771173e-01	8.7630668004386358730811590392206258339906423848214708669736075e-01	-9.2977648588825140366094255622199072958715528248738001545928093e-01	9.6858316112863111949016837546473581383601240275388775061508505e-01	-9.9211470131447783104979304278577852145303670896879573587102422e-01	1.0	-9.9211470131447783104979304278577852145303670896879573587102297e-01	9.685831611286311194901683754647358138360124027538877506150838e-01	-9.2977648588825140366094255622199072958715528248738001545927906e-01	8.7630668004386358730811590392206258339906423848214708669733897e-01	-8.0901699437494742410229341718281905886015458990288143106768497e-01	7.2896862742141152314673031905525911137257166408684890531014872e-01	-6.3742398974868971017671281167601619543491729778214606068002443e-01	5.3582679497899661827130876786763997806357534560897205276116734e-01	-4.2577929156507264886250244574425170397997304183255838987705693e-01
1.0	-9.9094976176793475524868671316836440646059908015367343905000685e-01	9.6396286069585329188856595254998577609065299709754113925097908e-01	-9.1952777255145063832197659078635721398812607212142492568727715e-01	8.584487936018661185256909553391418597075906106444769791962472e-01	-7.8183148246802980870844452667405775023233451870868752898063109e-01	6.910626489868646759049354256591699817466594856391299474770299e-01	-5.8778525229247312916870595463907276859765243764314599107226072e-01	4.7386866247299867070838300966597508727045066984832884614725224e-01	-3.5137482408134270488732327051017841601433151961251070263657334e-01	2.2252093395631440428890256449679475946635556876454495531197552e-01	-8.9639308903433499765470436845233008011125767525214568565106091e-02	-4.486483035051492545809033680196091713385729434904104061235082e-02	1.7855689479863664801371836759031375986622667390117238489715428e-01	-3.0901699437494742410229341718281905886015458990288143106775125e-01	4.3388373911755812047576833284835875460999072778745987644453615e-01	-5.50896981452102522687104319120410587185246816872796370559553e-01	6.5793872593971261237011918199311881572090350798326913783751419e-01	-7.5307146600361093353289811269675434530109126297207697837539583e-01	8.3457325372130265093321067687373490458477925152957002707515368e-01	-9.0096886790241912623610231950744505116591916213185715005357282e-01	9.5105651629515357211643933337938214340569863412575022244730061e-01	-9.8392958859862965539563609398996989652001742863307433166745154e-01	9.989930665413146473720559084446391440925887260921723555615078e-01	-9.9597429399523902958171899372116786853543182474799245700063726e-01	9.7492791218182360701813168299393121723278580061999743764807534e-01	-9.3623487063973720950875572446811746977748237742297644505736104e-01	8.8059553185673799519291006210718465984659840116241567602912306e-01	-8.090169943749474241022934171828190588601545899028814310676912e-01	7.2279486382739152854526335149985226109021808067989002436257639e-01	-6.2348980185873353052500488400423981063227473089640210536556826e-01	5.1289927740590614390849365294031180446511801195948205731154255e-01	-3.9302503165392361818796750981793357700689448010401654525905265e-01	2.6603684556667510738227602459297509471019352453357449785768963e-01	-1.342332658176554760370186415106700491221105492895839197158504e-01
1.0	-9.8970498371963491991386642580237369174961326286374455019889035e-01	9.5903190959896564375398696557090995271753943341401372035353879e-01	-9.0861233723287444154256908004741466087119437985209127890047091e-01	8.3948440725807722173671986860560423701139477863917937958514867e-01	-7.5307146600361093353289811269675434530109126297207697837540766e-01	6.5115275874357350033871531827081287075741970966402905759197153e-01	-5.3582679497899661827130876786763997806357534560897205276120779e-01	4.0946814005889051193263886084466250760318306760665305590971981e-01	-2.7467852280239023230811754280732641715151834723429354702430046e-01	1.3423326581765547603701864151067004912211054928958391971590719e-01	8.975858480997953293038174624590618776775443696672008730797212e-03	-1.5200016956126712880912324451251069414720919807566788639687601e-01	2.9189479220103330875817926219817969929584210317421745312739272e-01	-4.2577929156507264886250244574425170397997304183255838987705288e-01	5.5089698145210252268710431912041058718524681687279637055958163e-01	-6.646716845534256464542420566414922962219243286140072278437054e-01	7.6476077602759837030965327667910177307387908258199412457442011e-01	-8.491034182221935784018183291506977210454268203002142457174633e-01	9.159629933881665419019452880488712683354505576429286868391012e-01	-9.6396286069585329188856595254998577609065299709754113925097597e-01	9.9211470131447783104979304278577852145303670896879573587101675e-01	-9.9983886792905819422908616567977841843802885172481316799743402e-01	9.869763196974956668990211285594113636250576593728686071690032e-01	-9.5379189690669208363743241260580631960959216494250962838509389e-01	9.0096886790241912623610231950744505116591916213185715005356411e-01	-8.2959486057183116853900916138727262588520123795017115173871471e-01	7.4113946804985480973656788780391097572029872965580987279947602e-01	-6.3742398974868971017671281167601619543491729778214606068003999e-01	5.2058393074360856165682013909042895201024952686776919709764084e-01	-3.9302503165392361818796750981793357700689448010401654525898886e-01	2.5737373436530238554405389099803338679748682810647491099735338e-01	-1.1642310350582286179732132076731227782716932531188100481946116e-01	-2.6924682845662812336722163247833369339708378030670879311324316e-02	1.6971808910066895637890654074370780283360188162230015837462935e-01
1.0	-9.8838046745843072726798306638300415079008307234272082711951133e-01	9.5379189690669208363743241260580631960959216494250962838510073e-01	-8.9703809438696865275604190750426384602555962880134727270677629e-01	8.1943796520973187980713001862616270739859568371550124785987984e-01	-7.2279486382739152854526335149985226109021808067989002436259568e-01	6.0935468556280816312360019519864882960044332961398941460528717e-01	-4.8175367410171527498719150287212965352854201015207884940943128e-01	3.4295715765413150922709178262860432375638091035113414279119887e-01	-1.961906374990951745616717336099880812980432562298844262934982e-01	4.4864830350514925458090336801960917133857294349041040612383257e-02	1.0750359351052490951951422775259440214590607739119692070317239e-01	-2.5737373436530238554405389099803338679748682810647491099736271e-01	4.0126275025647418777050235740591911098082105641856975885172715e-01	-5.3582679497899661827130876786763997806357534560897205276119286e-01	6.5793872593971261237011918199311881572090350798326913783747685e-01	-7.6476077602759837030965327667910177307387908258199412457441638e-01	8.5381050066834722938078695998000528393793827812774013293259625e-01	-9.2301846751539726061828572065115735597213155586042801489383502e-01	9.7077634812291817358978247691717293290373667327157002361449214e-01	-9.9597429399523902958171899372116786853543182474799245700063104e-01	9.9802672842827156195233680686345055333690521970154311953512481e-01	-9.768859547646476531213379011280867688603285534070995828505137e-01	9.330432648194441604139779802672613319951938055506815703092679e-01	-8.6751752171771753170678524853807545594062227429048382132331256e-01	7.8183148246802980870844452667405775023233451870868752898065162e-01	-6.779764105132208483132094027581943230247082851318853524577315e-01	5.5836580062966249263567256491672592798367456194078565577992168e-01	-4.2577929156507264886250244574425170397997304183255838987708462e-01	2.8329806983274945908326753207365351988009649143704752242940372e-01	-1.3423326581765547603701864151067004912211054928958391971594951e-01	-1.7950993798097239237427360706406734366348850796970292975949871e-02	1.6971808910066895637890654074370780283360188162230015837461924e-01	-3.1754109468484432103284923026678334680479002846811691448849063e-01	4.5798474210306752925827365681798172638465132635228478313526805e-01
1.0	-9.8697631969749566689902112855941136362505765937286860716899697e-01	9.4824451128722634631078448336099487877667059699334520034272717e-01	-8.8481343614973843067149408702148554997093511003640267284456604e-01	7.9833530637270146738014389383422229958663257583499594681854967e-01	-6.9106264898686467590493542565916998174665948563912994747702617e-01	5.6578963358221449341961307680457822345786228726836442923827807e-01	-4.2577929156507264886250244574425170397997304183255838987706875e-01	2.7467852280239023230811754280732641715151834723429354702430544e-01	-1.1642310350582286179732132076731227782716932531188100481949336e-01	-4.4864830350514925458090336801960917133857294349041040612360543e-02	2.0498415379223031309497980311920658207085584934622672220071737e-01	-3.5976418106180692308539737639523413949599587183931634829522852e-01	5.0517330097450101856827386140304095170517971237911922634732943e-01	-6.3742398974868971017671281167601619543491729778214606068001323e-01	7.5307146600361093353289811269675434530109126297207697837541201e-01	-8.4910341822219357840181832915069772104542682030021424571745832e-01	9.2301846751539726061828572065115735597213155586042801489383254e-01	-9.7289132194014491293314924395918060488272637405897232195084709e-01	9.9742292527283403120220783190798403248825828562749939461088641e-01	-9.9597429399523902958171899372116786853543182474799245700063539e-01	9.6858316112863111949016837546473581383601240275388775061509127e-01	-9.1596299338816654190194528804887126833545055764292868683911738e-01	8.3948440725807722173671986860560423701139477863917937958519099e-01	-7.4113946804985480973656788780391097572029872965580987279953949e-01	6.2348980185873353052500488400423981063227473089640210536558818e-01	-4.8959987196505241648671080214392621516172732438016690159374246e-01	3.4295715765413150922709178262860432375638091035113414279120634e-01	-1.8738131458572463054255073444729146933862615176764186625953147e-01	2.6924682845662812336722163247833369339708378030670879311422095e-02	1.3423326581765547603701864151067004912211054928958391971592135e-01	-2.9189479220103330875817926219817969929584210317421745312736099e-01	4.4195322967322675561327965535363586546074663616816885950635816e-01	-5.8049995200157344879504252049247019973453939732761854960986146e-01	7.0392618274894493609882690467935228398816278676023546961475531e-01
1.0	-9.8549265356572668526698510191184851968049014434643774558799845e-01	9.4239154046403478638672201042467271591466676909905961429786959e-01	-8.7194722625386238499482533993975545607963998129220792847473994e-01	7.7620363107635302825687252977795495268194021856415490924408436e-01	-6.5793872593971261237011918199311881572090350798326913783750112e-01	5.2058393074360856165682013909042895201024952686776919709763462e-01	-3.6812455268467795915694714749296083089885428738919724140160427e-01	2.0498415379223031309497980311920658207085584934622672220072515e-01	-3.5896202634582176635310124770303617763104334394841412374416547e-02	-1.3423326581765547603701864151067004912211054928958391971588479e-01	3.0046799728945187632187763740552891264845871689258677090068014e-01	-4.5798474210306752925827365681798172638465132635228478313524378e-01	6.0221320028608214147755166851536540768467809724654213505399725e-01	-7.2896862742141152314673031905525911137257166408684890531013503e-01	8.345732537213026509332106768737349045847792515295700270751207e-01	-9.1596299338816654190194528804887126833545055764292868683911054e-01	9.7077634812291817358978247691717293290373667327157002361448965e-01	-9.974229252728340312022078319079840324882582856274993946108889e-01	9.9512958258591127353431503129236807063028201290367991436304497e-01	-9.6396286069585329188856595254998577609065299709754113925098779e-01	9.0482705246601952771366864793269759397041391104248708676738943e-01	-8.1943796520973187980713001862616270739859568371550124785988171e-01	7.1027313706805706326599208231910371439955716557180862321600554e-01	-5.8049995200157344879504252049247019973453939732761854960989693e-01	4.33883739117558120475768332848358754609990727787459876444613e-01	-2.7467852280239023230811754280732641715151834723429354702433687e-01	1.0750359351052490951951422775259440214590607739119692070322769e-01	6.2790519529313376076178224565631133122484831906666272762984517e-02	-2.3126278492995215499393414466735411996209918251486845758543862e-01	3.9302503165392361818796750981793357700689448010401654525896273e-01	-5.4338377779480567046995637097063340315493428040170452174431285e-01	6.779764105132208483132094027581943230247082851318853524577035e-01	-7.9289776590847523510594060805444610553979072230585700279541568e-01	8.8481343614973843067149408702148554997093511003640267284455172e-01
1.0	-9.8392958859862965539563609398996989652001742863307433166744034e-01	9.3623487063973720950875572446811746977748237742297644505735482e-01	-8.5844879360186611852569095533914185970759061064447697919624969e-01	7.5307146600361093353289811269675434530109126297207697837541077e-01	-6.234898018587335305250048840042398106322747308964021053655471e-01	4.7386866247299867070838300966597508727045066984832884614726127e-01	-3.0901699437494742410229341718281905886015458990288143106773009e-01	1.342332658176554760370186415106700491221105492895839197159173e-01	4.4864830350514925458090336801960917133857294349041040612355448e-02	-2.2252093395631440428890256449679475946635556876454495531199217e-01	3.9302503165392361818796750981793357700689448010401654525902496e-01	-5.5089698145210252268710431912041058718524681687279637055953558e-01	6.9106264898686467590493542565916998174665948563912994747700936e-01	-8.0901699437494742410229341718281905886015458990288143106771671e-01	9.0096886790241912623610231950744505116591916213185715005356162e-01	-9.6396286069585329188856595254998577609065299709754113925097037e-01	9.9597429399523902958171899372116786853543182474799245700062979e-01	-9.9597429399523902958171899372116786853543182474799245700063602e-01	9.6396286069585329188856595254998577609065299709754113925098904e-01	-9.0096886790241912623610231950744505116591916213185715005355789e-01	8.0901699437494742410229341718281905886015458990288143106773538e-01	-6.9106264898686467590493542565916998174665948563912994747703177e-01	5.5089698145210252268710431912041058718524681687279637055959532e-01	-3.9302503165392361818796750981793357700689448010401654525908999e-01	2.2252093395631440428890256449679475946635556876454495531200306e-01	-4.4864830350514925458090336801960917133857294349041040612406399e-02	-1.3423326581765547603701864151067004912211054928958391971590626e-01	3.0901699437494742410229341718281905886015458990288143106770053e-01	-4.7386866247299867070838300966597508727045066984832884614726905e-01	6.2348980185873353052500488400423981063227473089640210536554648e-01	-7.5307146600361093353289811269675434530109126297207697837538401e-01	8.5844879360186611852569095533914185970759061064447697919621297e-01	-9.3623487063973720950875572446811746977748237742297644505732121e-01	9.8392958859862965539563609398996989652001742863307433166741855e-01
1.0	-9.8228725072868868108564174286526841638847288663501387770945495e-01	9.2977648588825140366094255622199072958715528248738001545928902e-01	-8.4432792550201507854855806396668150538165924141543890606644061e-01	7.2896862742141152314673031905525911137257166408684890531015743e-01	-5.8778525229247312916870595463907276859765243764314599107227752e-01	4.2577929156507264886250244574425170397997304183255838987705537e-01	-2.4868988716485478824228374600644796841756740644421927023622386e-01	6.2790519529313376076178224565631133122484831906666272763050247e-02	1.2533323356430424537311875981650879394291824696011966081462739e-01	-3.0901699437494742410229341718281905886015458990288143106771298e-01	4.8175367410171527498719150287212965352854201015207884940941977e-01	-6.3742398974868971017671281167601619543491729778214606068003626e-01	7.7051324277578923080300963639617784727166767211952072510651139e-01	-8.7630668004386358730811590392206258339906423848214708669736261e-01	9.510565162951535721164393333793821434056986341257502224473031e-01	-9.9211470131447783104979304278577852145303670896879573587101862e-01	9.9802672842827156195233680686345055333690521970154311953512605e-01	-9.6858316112863111949016837546473581383601240275388775061509501e-01	9.0482705246601952771366864793269759397041391104248708676737636e-01	-8.0901699437494742410229341718281905886015458990288143106773849e-01	6.8454710592868867373228335762120926988951923270472530116617927e-01	-5.3582679497899661827130876786763997806357534560897205276121464e-01	3.6812455268467795915694714749296083089885428738919724140160738e-01	-1.8738131458572463054255073444729146933862615176764186625947313e-01	-4.0021776860815294274106942125509758866322260264544203462578138e-59	1.873813145857246305425507344472914693386261517676418662594736e-01	-3.6812455268467795915694714749296083089885428738919724140160769e-01	5.3582679497899661827130876786763997806357534560897205276121526e-01	-6.8454710592868867373228335762120926988951923270472530116615064e-01	8.0901699437494742410229341718281905886015458990288143106771485e-01	-9.0482705246601952771366864793269759397041391104248708676735956e-01	9.6858316112863111949016837546473581383601240275388775061507571e-01	-9.9802672842827156195233680686345055333690521970154311953512107e-01	9.9211470131447783104979304278577852145303670896879573587102858e-01
1.0	-9.805657722752200115717463598943704909070060152919287249450097e-01	9.2301846751539726061828572065115735597213155586042801489384934e-01	-8.2959486057183116853900916138727262588520123795017115173870476e-01	7.039261827489449360988269046793522839881627867602354696148163e-01	-5.5089698145210252268710431912041058718524681687279637055956732e-01	3.7645526537439199348500460974454476126846376437266414058576501e-01	-1.873813145857246305425507344472914693386261517676418662594554e-01	-8.9758584809979532930381746245906187767754436966720087308018501e-03	2.0498415379223031309497980311920658207085584934622672220070741e-01	-3.9302503165392361818796750981793357700689448010401654525902029e-01	5.6578963358221449341961307680457822345786228726836442923826313e-01	-7.1656286634379220123455853487823181007302667061781089523536566e-01	8.3948440725807722173671986860560423701139477863917937958515552e-01	-9.2977648588825140366094255622199072958715528248738001545928093e-01	9.8392958859862965539563609398996989652001742863307433166743785e-01	-9.9983886792905819422908616567977841843802885172481316799743402e-01	9.7688595476464765312133790112808676886032855340709958285050188e-01	-9.1596299338816654190194528804887126833545055764292868683912547e-01	8.1943796520973187980713001862616270739859568371550124785989042e-01	-6.9106264898686467590493542565916998174665948563912994747703923e-01	5.358267949789966182713087678676399780635753456089720527612526e-01	-3.5976418106180692308539737639523413949599587183931634829526212e-01	1.6971808910066895637890654074370780283360188162230015837467229e-01	2.6924682845662812336722163247833369339708378030670879311278499e-02	-2.225209339563144042889025644967947594663555687645449553119259e-01	4.0946814005889051193263886084466250760318306760665305590974127e-01	-5.8049995200157344879504252049247019973453939732761854960990128e-01	7.289686274214115231467303190552591113725716640868489053101257e-01	-8.4910341822219357840181832915069772104542682030021424571744836e-01	9.3623487063973720950875572446811746977748237742297644505734424e-01	-9.8697631969749566689902112855941136362505765937286860716899324e-01	9.9935552364332134890660005788299654434084252891596409296546524e-01	-9.7289132194014491293314924395918060488272637405897232195086451e-01	9.0861233723287444154256908004741466087119437985209127890050452e-01
1.0	-9.7876529193371138407029785820325148678182749939140627436392778e-01	9.1596299338816654190194528804887126833545055764292868683911178e-01	-8.1426028131437856723922062382398600733122986692587378288208629e-01	6.7797641051322084831320940275819432302470828513188535245770786e-01	-5.1289927740590614390849365294031180446511801195948205731155748e-01	3.260396114523418442000084845824268892513573046514665735535729e-01	-1.2533323356430424537311875981650879394291824696011966081465026e-01	-8.0695973575217286367031655872360669836575364597715553437334497e-02	2.8329806983274945908326753207365351988009649143704752242936949e-01	-4.7386866247299867070838300966597508727045066984832884614724073e-01	6.44314329694494317484148620114246038165734821286727523902008e-01	-7.8739634352801192190280022193165465936354054855122063104226231e-01	8.9703809438696865275604190750426384602555962880134727270676135e-01	-9.685831611286311194901683754647358138360124027538877506150838e-01	9.9899306654131464737205590844463914409258872609217235556150593e-01	-9.8697631969749566689902112855941136362505765937286860716899573e-01	9.3304326481944416041397798026726133199519380555068157030926416e-01	-8.3948440725807722173671986860560423701139477863917937958513996e-01	7.1027313706805706326599208231910371439955716557180862321601986e-01	-5.5089698145210252268710431912041058718524681687279637055957478e-01	3.6812455268467795915694714749296083089885428738919724140158e-01	-1.6971808910066895637890654074370780283360188162230015837467727e-01	-3.5896202634582176635310124770303617763104334394841412374370225e-02	2.3998600360256592402425916417727070036258385288204483509531164e-01	-4.3388373911755812047576833284835875460999072778745987644454175e-01	6.093546855628081631236001951986488296004433296139894146052349e-01	-7.5894669429455555433106521158979726535581991495156287307080701e-01	8.7630668004386358730811590392206258339906423848214708669735639e-01	-9.5645043273863156544840579423611663998817203526369091396909696e-01	9.9597429399523902958171899372116786853543182474799245700063166e-01	-9.9319970850281287044727657093318465293586279878289482897053702e-01	9.4824451128722634631078448336099487877667059699334520034272281e-01	-8.6301792332635027855432551472020659970159267124523119350057376e-01	7.41139468049854809736567887803910975720298729655809872799509e-01
1.0	-9.7688595476464765312133790112808676886032855340709958285049379e-01	9.0861233723287444154256908004741466087119437985209127890047278e-01	-7.9833530637270146738014389383422229958663257583499594681855278e-01	6.51152758743573500338715318270812870757419709664029057591979e-01	-4.738686624729986707083830096659750872704506698483288461472482e-01	2.7467852280239023230811754280732641715151834723429354702431509e-01	-6.2790519529313376076178224565631133122484831906666272763055304e-02	-1.5200016956126712880912324451251069414720919807566788639685594e-01	3.5976418106180692308539737639523413949599587183931634829525123e-01	-5.5089698145210252268710431912041058718524681687279637055956047e-01	7.1656286634379220123455853487823181007302667061781089523538993e-01	-8.4910341822219357840181832915069772104542682030021424571744712e-01	9.4239154046403478638672201042467271591466676909905961429785839e-01	-9.9211470131447783104979304278577852145303670896879573587101737e-01	9.9597429399523902958171899372116786853543182474799245700063726e-01	-9.5379189690669208363743241260580631960959216494250962838510633e-01	8.6751752171771753170678524853807545594062227429048382132331007e-01	-7.4113946804985480973656788780391097572029872965580987279950651e-01	5.804999520015734487950425204924701997345393973276185496098851e-01	-3.9302503165392361818796750981793357700689448010401654525903554e-01	1.8738131458572463054255073444729146933862615176764186625944902e-01	2.6924682845662812336722163247833369339708378030670879311347944e-02	-2.3998600360256592402425916417727070036258385288204483509530667e-01	4.4195322967322675561327965535363586546074663616816885950632176e-01	-6.2348980185873353052500488400423981063227473089640210536552657e-01	7.7620363107635302825687252977795495268194021856415490924404267e-01	-8.9303504861288538886759112521055150016875539704058580708629377e-01	9.6858316112863111949016837546473581383601240275388775061507011e-01	-9.9935552364332134890660005788299654434084252891596409296546399e-01	9.8392958859862965539563609398996989652001742863307433166744967e-01	-9.2301846751539726061828572065115735597213155586042801489385183e-01	8.19437965209731879807130018626162707398595683715501247859901e-01	-6.779764105132208483132094027581943230247082851318853524577091e-01	5.0517330097450101856827386140304095170517971237911922634737672e-01
1.0	-9.7492791218182360701813168299393121723278580061999743764807969e-01	9.0096886790241912623610231950744505116591916213185715005356287e-01	-7.8183148246802980870844452667405775023233451870868752898063171e-01	6.2348980185873353052500488400423981063227473089640210536555146e-01	-4.3388373911755812047576833284835875460999072778745987644455668e-01	2.2252093395631440428890256449679475946635556876454495531197599e-01	-6.7253224288072046782291906637536560143221384688734088867079684e-60	-2.2252093395631440428890256449679475946635556876454495531198237e-01	4.3388373911755812047576833284835875460999072778745987644454455e-01	-6.2348980185873353052500488400423981063227473089640210536553279e-01	7.8183148246802980870844452667405775023233451870868752898063544e-01	-9.009688679024191262361023195074450511659191621318571500535722e-01	9.7492791218182360701813168299393121723278580061999743764808032e-01	-1.0	9.7492791218182360701813168299393121723278580061999743764807783e-01	-9.009688679024191262361023195074450511659191621318571500535666e-01	7.8183148246802980870844452667405775023233451870868752898065224e-01	-6.2348980185873353052500488400423981063227473089640210536555395e-01	4.3388373911755812047576833284835875460999072778745987644453303e-01	-2.2252093395631440428890256449679475946635556876454495531202795e-01	-1.9651330491889692891034437952931827096811198473195242991723241e-59	2.2252093395631440428890256449679475946635556876454495531198859e-01	-4.3388373911755812047576833284835875460999072778745987644453241e-01	6.2348980185873353052500488400423981063227473089640210536558507e-01	-7.8183148246802980870844452667405775023233451870868752898060246e-01	9.009688679024191262361023195074450511659191621318571500535666e-01	-9.7492791218182360701813168299393121723278580061999743764807783e-01	1.0	-9.7492791218182360701813168299393121723278580061999743764808965e-01	9.009688679024191262361023195074450511659191621318571500535554e-01	-7.8183148246802980870844452667405775023233451870868752898068523e-01	6.2348980185873353052500488400423981063227473089640210536556453e-01	-4.3388373911755812047576833284835875460999072778745987644450908e-01	2.2252093395631440428890256449679475946635556876454495531204102e-01
1.0	-9.7289132194014491293314924395918060488272637405897232195086264e-01	8.9303504861288538886759112521055150016875539704058580708630373e-01	-7.6476077602759837030965327667910177307387908258199412457444127e-01	5.9502319610203713941472862436187225934423640897345498638305356e-01	-3.9302503165392361818796750981793357700689448010401654525902776e-01	1.6971808910066895637890654074370780283360188162230015837469376e-01	6.2790519529313376076178224565631133122484831906666272763041924e-02	-2.9189479220103330875817926219817969929584210317421745312740642e-01	5.0517330097450101856827386140304095170517971237911922634732943e-01	-6.9106264898686467590493542565916998174665948563912994747702741e-01	8.3948440725807722173671986860560423701139477863917937958514992e-01	-9.4239154046403478638672201042467271591466676909905961429785652e-01	9.942046959164515164157344723781173419868820869934139160123553e-01	-9.9211470131447783104979304278577852145303670896879573587102111e-01	9.3623487063973720950875572446811746977748237742297644505735295e-01	-8.2959486057183116853900916138727262588520123795017115173869853e-01	6.7797641051322084831320940275819432302470828513188535245773586e-01	-4.8959987196505241648671080214392621516172732438016690159374339e-01	2.7467852280239023230811754280732641715151834723429354702429455e-01	-4.4864830350514925458090336801960917133857294349041040612357354e-02	-1.8738131458572463054255073444729146933862615176764186625944855e-01	4.0946814005889051193263886084466250760318306760665305590972261e-01	-6.0935468556280816312360019519864882960044332961398941460528593e-01	7.7620363107635302825687252977795495268194021856415490924403645e-01	-9.0096886790241912623610231950744505116591916213185715005356411e-01	9.7688595476464765312133790112808676886032855340709958285049441e-01	-9.9983886792905819422908616567977841843802885172481316799743339e-01	9.685831611286311194901683754647358138360124027538877506150838e-01	-8.8481343614973843067149408702148554997093511003640267284459715e-01	7.5307146600361093353289811269675434530109126297207697837540268e-01	-5.8049995200157344879504252049247019973453939732761854960987203e-01	3.7645526537439199348500460974454476126846376437266414058574416e-01	-1.5200016956126712880912324451251069414720919807566788639686138e-01	-8.0695973575217286367031655872360669836575364597715553437257876e-02
